current-wind-surface-level-gfs-1.0.json
{"header": { "discipline":0, "disciplineName":"Meteorological products", "gribEdition":2, "gribLength":73789, "center":7, "centerName":"US National Weather Service - NCEP(WMC)", "subcenter":0, "refTime":"2018-01-01T06:00:00.000Z", "significanceOfRT":1, "significanceOfRTName":"Start of forecast", "productStatus":0, "productStatusName":"Operational products", "productType":1, "productTypeName":"Forecast products", "productDefinitionTemplate":0, "productDefinitionTemplateName":"Analysis/forecast at horizontal level/layer at a point in time", "parameterCategory":2, "parameterCategoryName":"Momentum", "parameterNumber":3, "parameterNumberName":"V-component_of_wind", "parameterUnit":"m.s-1", "genProcessType":2, "genProcessTypeName":"Forecast", "forecastTime":0, "surface1Type":103, "surface1TypeName":"Specified height level above ground", "surface1Value":10.0, "surface2Type":255, "surface2TypeName":"Missing", "surface2Value":0.0, "gridDefinitionTemplate":0, "gridDefinitionTemplateName":"Latitude_Longitude", "numberPoints":65160, "shape":6, "shapeName":"Earth spherical with radius of 6,371,229.0 m", "gridUnits":"degrees", "resolution":48, "winds":"true", "scanMode":0, "nx":360, "ny":181, "basicAngle":0, "lo1":0.0, "la1":90.0, "lo2":359.0, "la2":-90.0, "dx":1.0, "dy":1.0 }, "data":
[rows 0 to 25 of 181, columns 232 to 289 of 360]
0.1501416,0.110141605,0.0601416,0.020141602,-0.019858398,-0.0698584,-0.1098584,-0.1498584,-0.1998584,-0.2398584,-0.2798584,-0.3298584,-0.36985838,-0.4098584,-0.4498584,-0.4998584,-0.5398584,-0.5798584,-0.6198584,-0.6698584,-0.7098584,-0.7498584,-0.7898584,-0.8298584,-0.8698584,-0.9098584,-0.9498584,-0.9898584,-1.0298584,-1.0698584,-1.1098584,-1.1498584,-1.1898584,-1.2198584,-1.2598584,-1.2998585,-1.3398584,-1.3698584,-1.4098583,-1.4398584,-1.4798584,-1.5098584,-1.5498585,-1.5798584,-1.6098584,-1.6498584,-1.6798584,-1.7098584,-1.7398584,-1.7698584,-1.7998585,-1.8298584,-1.8598584,-1.8898584,-1.9198585,-1.9398584,-1.9698584,-1.9998584
0.2201416,0.1601416,0.1001416,0.0401416,-0.019858398,-0.0798584,-0.1398584,-0.1998584,-0.2598584,-0.3198584,-0.3798584,-0.4298584,-0.4898584,-0.5398584,-0.5998584,-0.6598584,-0.7098584,-0.75985837,-0.8198584,-0.8698584,-0.9198584,-0.9598584,-1.0098584,-1.0598584,-1.0998584,-1.1398584,-1.1898584,-1.2298584,-1.2698584,-1.3098584,-1.3498584,-1.3798584,-1.4198585,-1.4498584,-1.4898584,-1.5198584,-1.5498585,-1.5698584,-1.5998584,-1.6298584,-1.6498584,-1.6698585,-1.6898584,-1.7098584,-1.7298584,-1.7498584,-1.7598584,-1.7798584,-1.7898583,-1.7998585,-1.8098584,-1.8198584,-1.8298584,-1.8298584,-1.8398584,-1.8398584,-1.8398584,-1.8398584
0.050141603,-0.019858398,-0.0898584,-0.1598584,-0.2198584,-0.2798584,-0.3398584,-0.3898584,-0.4598584,-0.5198584,-0.5798584,-0.6298584,-0.6798584,-0.7298584,-0.7698584,-0.8098584,-0.8498584,-0.8898584,-0.9398584,-0.9898584,-1.0298584,-1.0798584,-1.1198584,-1.1598583,-1.1998584,-1.2398584,-1.2798584,-1.3198584,-1.3498584,-1.3898584,-1.4198585,-1.4398584,-1.4698584,-1.4898584,-1.5098584,-1.5298584,-1.5398583,-1.5598584,-1.5698584,-1.5798584,-1.5798584,-1.5798584,-1.5898584,-1.5898584,-1.5798584,-1.5798584,-1.5698584,-1.5498585,-1.5398583,-1.5198584,-1.4998584,-1.4698584,-1.4298584,-1.3998584,-1.3598584,-1.3098584,-1.2698584,-1.2098584
-0.1698584,-0.2398584,-0.3298584,-0.3998584,-0.4498584,-0.4998584,-0.5798584,-0.6298584,-0.6898584,-0.7298584,-0.7698584,-0.7998584,-0.8198584,-0.8498584,-0.8798584,-0.9198584,-0.9498584,-0.9698584,-0.9798584,-0.9898584,-1.0198584,-1.0498585,-1.0598584,-1.0798584,-1.1198584,-1.1298584,-1.1298584,-1.1298584,-1.1398584,-1.1498584,-1.1698585,-1.1798584,-1.1898584,-1.1898584,-1.1898584,-1.1798584,-1.1898584,-1.1898584,-1.1798584,-1.1698585,-1.1598583,-1.1298584,-1.0998584,-1.0598584,-1.0198584,-0.9798584,-0.9398584,-0.8798584,-0.8298584,-0.75985837,-0.6798584,-0.6098584,-0.5298584,-0.4598584,-0.3798584,-0.3098584,-0.2298584,-0.1598584
-0.4798584,-0.5198584,-0.5398584,-0.5498584,-0.5698584,-0.5898584,-0.6098584,-0.6298584,-0.6598584,-0.6998584,-0.7298584,-0.7498584,-0.75985837,-0.7698584,-0.7698584,-0.7298584,-0.7098584,-0.6898584,-0.6598584,-0.6398584,-0.6198584,-0.6098584,-0.5998584,-0.5898584,-0.5898584,-0.6098584,-0.6298584,-0.6498584,-0.6798584,-0.6798584,-0.6698584,-0.6298584,-0.5998584,-0.5698584,-0.5398584,-0.4998584,-0.4498584,-0.4098584,-0.3598584,-0.2998584,-0.2298584,-0.1598584,-0.0898584,-0.009858399,0.0701416,0.1501416,0.2301416,0.3101416,0.38014162,0.4601416,0.5201416,0.5801416,0.6401416,0.6901416,0.74014163,0.7901416,0.8301416,0.8701416
-0.4198584,-0.4698584,-0.50985837,-0.5298584,-0.5798584,-0.5898584,-0.5698584,-0.5498584,-0.5298584,-0.4898584,-0.4498584,-0.4298584,-0.3998584,-0.36985838,-0.3498584,-0.3398584,-0.3498584,-0.36985838,-0.3798584,-0.3998584,-0.4098584,-0.4398584,-0.4598584,-0.4798584,-0.4798584,-0.4798584,-0.4698584,-0.4298584,-0.36985838,-0.2998584,-0.2298584,-0.1298584,-0.0498584,0.0601416,0.17014161,0.2801416,0.3901416,0.5001416,0.6201416,0.7301416,0.8501416,0.9701416,1.0901417,1.2001415,1.3101416,1.4201416,1.5101416,1.6001416,1.6701416,1.7401416,1.7801416,1.8201416,1.8301415,1.8301415,1.8201416,1.8001416,1.7701416,1.7301416
-0.4398584,-0.4598584,-0.4798584,-0.4798584,-0.4798584,-0.4898584,-0.50985837,-0.4998584,-0.4898584,-0.4898584,-0.4798584,-0.4798584,-0.4898584,-0.4998584,-0.5198584,-0.5498584,-0.5898584,-0.6098584,-0.6198584,-0.6198584,-0.5898584,-0.5398584,-0.4798584,-0.3998584,-0.3198584,-0.2398584,-0.1398584,-0.019858398,0.1201416,0.2601416,0.4101416,0.5601416,0.7201416,0.9001416,1.1001416,1.3301415,1.6001416,1.8701416,2.1501417,2.4101417,2.6501417,2.8401415,2.9901416,3.0901415,3.1401415,3.1601417,3.1401415,3.0801415,2.9901416,2.8701415,2.7201416,2.5601416,2.3901415,2.2201416,2.0401416,1.8701416,1.7001415,1.5401416
-0.2898584,-0.2498584,-0.2198584,-0.2198584,-0.2098584,-0.2198584,-0.2298584,-0.2398584,-0.2598584,-0.2998584,-0.3498584,-0.4098584,-0.4598584,-0.4998584,-0.5398584,-0.5698584,-0.5998584,-0.6298584,-0.6298584,-0.5998584,-0.5598584,-0.4798584,-0.3998584,-0.2798584,-0.1298584,0.020141602,0.1801416,0.3601416,0.5801416,0.8601416,1.1901416,1.5701416,1.9601417,2.2901416,2.5801415,2.7801416,2.9501417,3.0301416,3.1301415,3.2001417,3.2001417,3.1001415,2.9301417,2.6901417,2.5101416,2.3601415,2.1301415,1.9101416,1.7001415,1.5501416,1.4901416,1.3301415,0.9701416,0.8001416,0.8901416,1.2201416,1.4801416,1.3901416
0.1901416,0.1401416,0.0901416,0.0401416,1.4160156E-4,-0.059858397,-0.1298584,-0.2098584,-0.2798584,-0.3598584,-0.4298584,-0.4898584,-0.5398584,-0.5798584,-0.5998584,-0.5998584,-0.5998584,-0.5898584,-0.5698584,-0.5498584,-0.4898584,-0.4298584,-0.3398584,-0.2198584,-0.0498584,0.1601416,0.4101416,0.7001416,0.99014163,1.2701416,1.4901416,1.6501416,1.7001415,1.6801416,1.6501416,1.6301416,1.6401416,1.5401416,1.4501415,1.3101416,1.2001415,0.8501416,0.2301416,-0.1998584,-0.1098584,0.4801416,1.1301416,1.4101416,1.0301416,0.2401416,-0.50985837,-0.9998584,-1.3198584,-1.5498585,-1.8798584,-2.1498585,-2.3598585,-1.9098583
0.2601416,0.1401416,0.010141602,-0.099858396,-0.1998584,-0.2998584,-0.3798584,-0.4598584,-0.5298584,-0.5898584,-0.6298584,-0.6698584,-0.6998584,-0.7098584,-0.7298584,-0.75985837,-0.7898584,-0.8198584,-0.8598584,-0.8698584,-0.8598584,-0.8198584,-0.7498584,-0.6898584,-0.6398584,-0.6598584,-0.7298584,-0.8398584,-1.0498585,-1.4698584,-2.0998583,-2.7298584,-2.7798584,-1.7798584,-0.3098584,0.6201416,0.2401416,-1.0298584,-1.9098583,-1.6698585,-1.2198584,-0.2598584,0.8201416,1.2101417,0.6701416,-0.3298584,-1.2498584,-1.7298584,-1.5698584,-0.8398584,-0.5698584,-0.7798584,-0.6298584,0.5201416,1.9201416,2.2701416,1.6701416,1.0201416
-0.2798584,-0.3798584,-0.4698584,-0.5698584,-0.6698584,-0.75985837,-0.8498584,-0.9298584,-0.9998584,-1.0498585,-1.0998584,-1.1298584,-1.1698585,-1.2098584,-1.2398584,-1.2698584,-1.2998585,-1.3198584,-1.3498584,-1.4098583,-1.4998584,-1.6098584,-1.7698584,-1.9698584,-2.2398584,-2.5298584,-2.8398583,-3.1098585,-3.3098583,-3.5498583,-3.8898585,-3.8498583,-2.9598584,-1.5698584,-0.4198584,-0.2598584,-0.3398584,-0.1698584,0.1501416,0.1401416,-0.18985839,-0.6798584,-0.9798584,-0.7398584,-0.1798584,-0.009858399,-0.6798584,-0.8998584,-0.7198584,-1.0598584,-1.7198584,-2.7398584,-3.7998583,-4.3298583,-4.0898585,-3.4898584,-2.8898585,-2.4498584
-1.3598584,-1.4698584,-1.5298584,-1.5698584,-1.5798584,-1.5398583,-1.4998584,-1.4698584,-1.4498584,-1.4598584,-1.4898584,-1.5498585,-1.6498584,-1.7598584,-1.8898584,-2.0398583,-2.1798584,-2.3098583,-2.4698584,-2.6698585,-2.8298583,-2.9398584,-3.0298584,-3.1698585,-3.2498584,-3.1798584,-3.1198585,-3.4998584,-3.8498583,-3.9298584,-3.7798584,-3.5998583,-3.2598584,-2.3898585,-0.6798584,1.4901416,2.7201416,2.3001416,-0.3598584,-3.1898584,-4.0798583,-3.1698585,-1.7498584,-1.1598583,-1.5598584,-2.6398585,-1.8398584,0.5501416,1.7501416,1.4301416,1.1701416,1.5501416,0.74014163,-1.1098584,-2.3598585,-2.0398583,-1.1698585,-0.9098584
-2.5498583,-2.4798584,-2.3698585,-2.2498584,-2.1498585,-2.0998583,-2.0798583,-2.0998583,-2.1498585,-2.2398584,-2.3598585,-2.4798584,-2.5998583,-2.6998584,-2.7698584,-2.8198583,-2.7598584,-3.0498583,-3.3098583,-3.3998585,-3.4698584,-3.5898583,-3.7598584,-3.9298584,-3.7798584,-3.2198584,-2.9798584,-3.4598584,-3.9698584,-3.9898584,-3.6498585,-3.1798584,-2.7098584,-2.2898583,-2.2498584,-2.2598584,-2.1198585,-2.0398583,-2.1598585,-2.3898585,-1.9998584,-0.8998584,-0.1498584,-0.9798584,-2.8498583,-2.8098583,-0.6298584,0.4701416,-1.1798584,-3.6898584,-4.3798585,-3.8598585,-4.5398583,-7.8198586,-9.689858,-8.079859,-3.4298584,-0.9098584
-2.4998584,-2.4498584,-2.4298584,-2.4398584,-2.4698584,-2.4798584,-2.4098585,-2.2398584,-2.1098585,-2.2798584,-2.4798584,-2.4798584,-2.5898583,-2.7398584,-2.8098583,-2.8598585,-2.9298584,-3.0598583,-3.1798584,-3.3398583,-3.5098584,-3.6398585,-3.7398584,-3.8098583,-3.7298584,-3.6398585,-3.5798583,-3.5298584,-3.5098584,-3.5898583,-3.5198584,-2.7898583,-1.4898584,-1.0898584,-2.0798583,-2.6598585,-2.6698585,-2.3998585,-2.0998583,-1.3498584,-0.0498584,0.7501416,1.2101417,0.8401416,-0.5798584,-1.3498584,-0.1398584,1.4101416,1.0601416,-0.6298584,-3.2198584,-6.3998585,-7.5998583,-6.909858,-4.7698584,-1.6598583,1.0501416,1.4301416
-2.6598585,-2.6898584,-2.7198584,-2.7498584,-2.8398583,-2.9498584,-2.9898584,-3.1698585,-3.0998583,-2.7398584,-2.2598584,-1.6498584,-0.8598584,-0.3298584,-0.009858399,-0.3898584,-1.8198584,-3.2298584,-3.4398584,-3.2198584,-2.8398583,-3.1398585,-3.4198585,-4.0098586,-4.1898584,-3.9998584,-4.2298584,-4.1198583,-3.8798585,-4.1098585,-5.2798586,-4.7898583,-3.1698585,-2.4998584,-2.6598585,-2.5698583,-2.6398585,-3.1098585,-3.2698584,-2.3098583,-0.5798584,0.3901416,-0.3998584,-1.6798584,-2.4498584,-2.0398583,-0.0898584,0.1401416,-3.3198583,-5.6898584,-4.7898583,-0.4198584,2.4501417,2.3701415,1.3501416,1.0501416,1.1901416,1.4001416
-3.0198584,-3.0698583,-3.1198585,-3.1398585,-3.0898583,-3.0298584,-3.0298584,-3.1398585,-3.1698585,-2.8598585,-1.9398584,-0.7098584,-0.2198584,-0.5298584,-0.4198584,-1.0498585,-2.2598584,-3.6698585,-4.8998585,-4.8398585,-4.429858,-4.3698583,-4.0798583,-4.1198583,-4.3398585,-4.2998586,-4.1198583,-3.7998583,-3.8098583,-4.449858,-4.7498584,-4.8798585,-4.3998585,-4.0798583,-4.0798583,-4.3098583,-2.8798585,-1.9498584,-2.0298584,-2.7798584,-2.0298584,-0.7998584,-0.2798584,-0.1298584,-0.2398584,-1.7598584,-3.5598583,-3.7498584,-3.5498583,-3.7398584,-2.4398584,-2.1398585,-2.3198583,-1.7398584,-1.3898584,-1.3598584,-0.9298584,-0.1998584
-2.5998583,-2.2998583,-1.7198584,-1.0798584,-1.0198584,-1.7498584,-2.2498584,-1.5698584,-0.7498584,-0.5498584,-1.2998585,-1.7298584,-1.9298584,-1.6998584,-1.5698584,-2.1498585,-2.8798585,-3.3298583,-3.4298584,-3.3898585,-3.4198585,-3.4198585,-3.4298584,-3.7698584,-4.0798583,-4.1198583,-4.0498586,-3.8298583,-3.3798585,-3.0698583,-2.8098583,-3.4398584,-3.6598585,-2.4398584,-1.3198584,-0.8398584,-0.1498584,-0.4398584,-1.4698584,-0.8898584,0.2601416,0.6701416,0.8301416,0.2101416,-0.8198584,-0.8998584,-0.75985837,-0.6698584,-0.5198584,-1.6698585,-2.4898584,-2.6598585,-2.6298585,-2.3698585,-2.2398584,-2.0298584,-1.3298584,-0.0498584
-2.1198585,-1.8698584,-1.2998585,-0.5398584,-0.5298584,-1.3398584,-2.0698583,-2.9198585,-3.1398585,-3.1498585,-2.9398584,-2.0798583,-1.6698585,-2.5498583,-3.3498583,-2.8598585,-2.6198585,-2.6898584,-2.5098584,-2.8498583,-2.8998585,-2.7798584,-3.2798584,-3.7898583,-4.4798584,-4.3198586,-3.6498585,-3.7198584,-3.2598584,-3.4698584,-3.4698584,-3.4198585,-3.5598583,-3.4398584,-3.8898585,-4.2998586,-3.1798584,-0.4698584,1.1001416,-0.1398584,-1.6898584,-0.6198584,1.9301416,2.1401415,-0.059858397,-1.1598583,-2.3498583,0.3101416,2.8401415,-1.6798584,-2.4998584,-0.0898584,-0.9998584,-2.2398584,-2.2098584,-1.8498584,-1.1598583,0.0601416
-2.5698583,-2.5598583,-2.3098583,-1.8398584,-1.4298584,-1.3198584,-1.9198585,-2.4098585,-3.1998584,-2.5998583,-1.8798584,-2.0398583,-2.1198585,-2.0998583,-2.2498584,-2.3998585,-2.2498584,-3.6398585,-4.2898583,-4.5898585,-4.1898584,-3.4498584,-4.159858,-4.0298586,-3.7398584,-3.2098584,-3.4098585,-3.4298584,-3.2998583,-3.6798584,-3.6798584,-3.9998584,-2.6698585,-1.6698585,-2.9698584,-2.5298584,-0.2498584,1.9201416,1.7801416,0.38014162,-0.2398584,0.0401416,1.3201416,1.8501416,1.3301415,0.6001416,1.1101416,2.9701416,3.1701417,0.99014163,-0.0898584,-0.7498584,-0.059858397,0.6501416,1.2001415,2.2101417,1.8201416,0.74014163
-2.0898583,-2.2198584,-2.2198584,-2.3098583,-2.6498585,-2.9198585,-1.9798584,-2.3098583,-2.9898584,-3.2898583,-2.3498583,-1.6898584,-2.1098585,-3.2998583,-4.0698586,-3.9898584,-4.4998584,-4.5798583,-4.409858,-4.469858,-4.3498583,-3.9598584,-3.6498585,-3.6198585,-3.7298584,-3.4898584,-3.0498583,-2.7698584,-2.6098585,-2.5798583,-2.6698585,-2.4798584,-1.2798584,-0.4798584,-0.7498584,-0.5498584,0.2701416,1.4401416,2.1001415,2.4201417,2.2401416,1.4201416,0.5401416,0.4301416,1.1301416,1.5801415,0.7701416,0.2101416,0.6601416,1.2101417,1.9201416,0.9601416,0.8001416,1.8601416,2.4501417,1.9501415,0.6201416,0.3901416
1.1301416,0.17014161,-0.6398584,-0.4898584,-0.0898584,0.9101416,0.9601416,-1.3698584,-2.4298584,-2.5798583,-2.9498584,-2.7598584,-2.7898583,-3.4398584,-3.9598584,-4.0298586,-3.4698584,-3.4998584,-3.9798584,-4.8198586,-5.199858,-5.2698584,-5.449858,-5.2698584,-4.5998583,-3.8998585,-2.9898584,-2.0698583,-1.4898584,-0.9098584,-0.3298584,0.17014161,0.4401416,0.3701416,-0.0498584,-0.5998584,-0.1298584,1.4401416,1.9401416,1.9301416,2.0001416,2.0101416,0.6201416,0.2901416,-0.5398584,-0.2898584,0.2201416,0.9701416,1.5501416,2.1501417,2.3601415,0.5801416,0.4701416,0.7901416,-0.9998584,-0.2098584,2.0801415,0.6201416
-0.4198584,-0.7898584,-0.5898584,-0.8898584,-0.36985838,-0.7798584,-2.5498583,-2.6298585,-2.3698585,-2.3898585,-3.0198584,-2.8298583,-2.6198585,-2.4298584,-2.5198584,-2.4998584,-3.2598584,-4.3298583,-5.3498583,-6.3198586,-6.9398584,-5.5998583,-4.409858,-4.2998586,-3.8398583,-3.2098584,-2.3298583,-1.4198585,-0.8698584,-0.0698584,0.4701416,0.3401416,0.7201416,1.0201416,0.4601416,0.6201416,1.6501416,1.7301416,2.0901415,2.6201415,2.5201416,1.9601417,1.0601416,0.5501416,0.3301416,-0.009858399,0.6801416,1.0001416,0.8201416,1.1601416,1.6701416,1.8701416,1.4301416,0.3501416,-0.2898584,0.2701416,0.4601416,-0.2598584
-0.4398584,-0.9698584,-1.3298584,-1.4598584,-1.2998585,-2.1298585,-2.5598583,-2.4298584,-3.2498584,-1.4998584,0.010141602,-1.6398584,-2.6198585,-1.2398584,-0.7298584,-1.6598583,-2.2498584,-2.3998585,-3.5098584,-4.7398586,-4.2698584,-3.6898584,-3.5198584,-2.7098584,-1.8498584,-1.4098583,-1.4098583,-0.9898584,-1.1498584,-1.2298584,-0.9398584,-0.009858399,1.9601417,3.2801416,2.7201416,2.3601415,1.9101416,1.9601417,1.4501415,1.3201416,2.1301415,2.9001417,1.9601417,1.4801416,1.1001416,0.2501416,0.3001416,-0.2098584,-1.1198584,-0.6698584,1.3101416,2.3601415,2.1401415,1.6801416,1.3301415,1.3001416,0.5701416,0.7901416
-1.7598584,-1.6698585,-1.6798584,-2.0198584,-2.1598585,-1.8398584,-2.4598584,-3.0198584,-2.4798584,-0.8198584,-0.2298584,-1.5598584,-1.5198584,-1.8798584,-2.2798584,-1.9098583,-2.5698583,-3.7298584,-3.8198583,-3.6198585,-2.5198584,-1.9198585,-2.2798584,-2.4398584,-1.9798584,-1.3698584,-1.3498584,-1.2598584,-1.1098584,-1.1398584,-0.9998584,-1.0198584,0.5901416,3.0201416,2.3801415,2.3401415,2.7901416,2.8801415,2.1501417,1.7701416,2.2001417,2.7901416,1.2301416,0.5501416,0.010141602,0.010141602,-1.0898584,-1.3098584,-1.5398583,-0.75985837,0.1301416,0.5501416,2.2301416,2.3101416,1.5301416,1.3101416,1.2501416,1.0201416
-0.7898584,-0.8398584,-1.1798584,-0.4498584,-0.4698584,-0.7898584,-1.6598583,-2.6998584,-2.8398583,-0.9798584,1.2701416,1.3201416,-0.1798584,-0.7798584,-0.2798584,-0.019858398,-1.1598583,-1.2998585,-2.2998583,-2.7898583,-2.7098584,-2.5898583,-1.9398584,-1.3198584,-2.2298584,-2.2398584,-1.8998584,-1.6698585,-1.6298584,-1.4598584,-1.3398584,-1.2698584,-0.8398584,-0.1098584,0.7101416,1.6901416,1.4001416,1.0201416,0.5901416,1.5001416,1.8701416,1.0501416,0.6701416,0.8801416,0.2101416,-0.5198584,-0.4398584,-0.5998584,-0.8598584,-0.4998584,1.1501416,2.8701415,3.2601416,3.0501416,2.7001417,2.7201416,1.7501416,1.6401416
1.8901416,-0.18985839,-1.4798584,-1.1198584,0.080141604,0.7001416,1.6901416,0.1401416,0.9001416,-0.1198584,0.4801416,1.0501416,1.0701416,0.050141603,-0.3198584,-0.7398584,-0.7998584,-1.3298584,-2.1598585,-2.7098584,-2.3098583,-1.3798584,-1.3198584,-1.4698584,-1.6798584,-1.8098584,-1.8398584,-1.9798584,-2.3298583,-2.0198584,-1.9698584,-2.3198583,-2.4998584,-2.4498584,-1.1998584,0.4401416,0.9601416,1.2201416,1.5201416,1.8401417,2.0201416,1.1901416,1.1601416,1.7101417,2.2401416,1.1001416,0.2501416,1.2201416,1.8601416,3.3701415,3.9201417,2.8301415,2.0301416,2.0701416,2.1301415,2.3501415,2.0101416,3.1701417
