current-wind-surface-level-gfs-1.0.json
{"header": { "discipline":0, "disciplineName":"Meteorological products", "gribEdition":2, "gribLength":73789, "center":7, "centerName":"US National Weather Service - NCEP(WMC)", "subcenter":0, "refTime":"2018-01-01T06:00:00.000Z", "significanceOfRT":1, "significanceOfRTName":"Start of forecast", "productStatus":0, "productStatusName":"Operational products", "productType":1, "productTypeName":"Forecast products", "productDefinitionTemplate":0, "productDefinitionTemplateName":"Analysis/forecast at horizontal level/layer at a point in time", "parameterCategory":2, "parameterCategoryName":"Momentum", "parameterNumber":3, "parameterNumberName":"V-component_of_wind", "parameterUnit":"m.s-1", "genProcessType":2, "genProcessTypeName":"Forecast", "forecastTime":0, "surface1Type":103, "surface1TypeName":"Specified height level above ground", "surface1Value":10.0, "surface2Type":255, "surface2TypeName":"Missing", "surface2Value":0.0, "gridDefinitionTemplate":0, "gridDefinitionTemplateName":"Latitude_Longitude", "numberPoints":65160, "shape":6, "shapeName":"Earth spherical with radius of 6,371,229.0 m", "gridUnits":"degrees", "resolution":48, "winds":"true", "scanMode":0, "nx":360, "ny":181, "basicAngle":0, "lo1":0.0, "la1":90.0, "lo2":359.0, "la2":-90.0, "dx":1.0, "dy":1.0 }, "data":
[rows 26 to 51 of 181, columns 290 to 347 of 360]
1.4101416,-1.1998584,-1.2798584,-0.5398584,-0.75985837,0.1801416,-0.9998584,-2.1398585,-2.1698585,-2.2398584,-2.3998585,-2.6198585,-2.4598584,-2.3798585,-2.2098584,-2.0298584,-1.7098584,-1.6498584,1.9201416,0.6101416,2.0101416,3.8501415,3.2701416,3.0301416,1.6701416,-0.8198584,-3.0198584,-6.2798586,-6.4898586,-5.6398582,-7.8498583,-7.7498584,-2.9898584,3.7101417,5.8801417,6.1701417,5.3801417,2.3801415,6.800142,4.6501417,2.6601417,0.4301416,-1.8498584,-3.7298584,-5.3498583,-6.6398582,-7.6498585,-7.2998586,-3.9298584,-3.7198584,-0.2998584,0.7301416,-2.7598584,-4.5798583,-7.4798584,-9.379858,-11.049858,-12.029859
-1.6198584,0.1301416,0.7501416,-2.2598584,-2.8098583,-0.2698584,-1.4098583,-1.9598584,-2.5098584,-2.5698583,-2.9398584,-3.0798583,-3.4098585,-3.7798584,-4.3198586,-5.0898585,-5.5898585,-5.8098583,-1.2798584,-2.5698583,-1.5998584,-1.1898584,-2.2498584,-2.5098584,-3.8498583,-6.2598586,-9.809858,-6.1098585,-2.8798585,-1.6798584,-5.8398585,-5.5098586,-3.4498584,-1.2498584,-0.3098584,-0.4598584,-1.1198584,-1.0198584,-4.2698584,6.8501415,4.8501415,3.1901417,-0.4298584,-2.9798584,-4.7498584,-6.0998583,-7.4398584,-7.969858,-7.7298584,-7.2398586,-5.0498586,-2.1098585,-4.3498583,-6.8898582,-9.219858,-11.259858,-11.959858,-11.6098585
-2.5798583,-3.4798584,-3.0898583,-2.6198585,-2.0198584,-2.6198585,-2.9198585,-3.1698585,-2.8698585,-3.2298584,-3.2798584,-3.8098583,-4.6098585,-5.3298583,-5.7498584,-6.3798585,-7.3398585,-7.0998583,-5.3598585,-5.6098585,-7.9398584,-1.6498584,-4.159858,-5.679858,-6.469858,-3.3298583,-1.0398583,-4.0998583,-3.0898583,-5.9898586,-7.429858,-7.469858,-6.5098586,-5.8198586,-4.6098585,-2.3398583,-2.5698583,-3.6698585,-5.9998584,0.17014161,6.2101417,4.030142,1.8101416,-1.2598584,-3.4098585,-5.179858,-6.5298586,-7.4898586,-7.7998586,-8.019858,-7.4898586,-7.3298583,-9.1098585,-9.519858,-10.479858,-10.849858,-10.959858,-11.1098585
-0.2998584,-0.6398584,0.2601416,1.0701416,0.3701416,2.6401415,4.840142,2.5901415,1.4001416,0.6601416,-1.3898584,-3.8498583,-5.7898583,-7.2298584,-7.9998584,-8.069859,-8.589858,-7.4898586,-7.719858,-8.589858,-11.619859,-14.119859,-8.909859,-6.8698583,-2.5198584,-0.1298584,-2.5898583,-3.0998583,-9.259858,-9.629858,-8.279859,-5.8598585,-3.0098584,2.1401415,3.4801416,0.6801416,-1.8798584,-2.3498583,-1.7598584,-2.0498583,2.8201416,4.5201416,2.3601415,0.080141604,-2.2498584,-4.0398583,-5.5898585,-7.1298585,-8.179858,-9.269858,-10.309858,-11.259858,-11.579859,-10.389858,-9.909859,-9.099858,-8.969858,-9.189858
0.17014161,0.8301416,0.9501416,1.0801415,3.6601417,4.7401414,-0.8598584,-0.4898584,2.5101416,0.8601416,-2.7098584,-5.0698586,-7.2698584,-9.029859,-9.869859,-9.949859,-9.599858,-9.479858,-8.959858,-10.459858,-12.319859,-15.649858,-16.699858,-14.819859,-6.7498584,-0.0298584,-2.9198585,-8.129858,-10.209858,-8.509858,-3.9098585,-2.0598583,5.2101417,6.1901417,3.2701416,0.8901416,-0.8898584,-1.5498585,-3.0998583,-0.9798584,1.6401416,2.2901416,2.8201416,0.7701416,-1.4898584,-3.5498583,-5.2898583,-6.8398585,-8.279859,-9.739859,-11.489859,-12.549858,-14.189858,-11.929858,-9.629858,-8.509858,-6.2898583,-5.5498586
0.3701416,0.5801416,-0.1298584,0.7501416,3.6201415,1.3001416,1.5001416,0.9001416,0.8101416,-1.6898584,-5.0398583,-7.4898586,-8.839858,-10.179858,-10.879858,-11.139858,-11.069859,-11.289859,-11.369859,-12.289859,-13.869859,-15.689858,-16.999859,-15.429858,-12.849858,-5.4198585,-6.1698585,-9.189858,-6.2398586,0.9001416,3.0801415,3.7601416,5.2001414,3.1601417,2.2501416,2.0101416,0.9801416,-0.5898584,-2.3298583,0.99014163,2.4601417,1.8401417,1.9001416,0.8101416,0.20014161,-1.5998584,-3.9598584,-6.1898584,-8.019858,-9.539859,-11.049858,-12.319859,-12.909859,-13.949859,-12.389858,-7.5998583,-5.6398582,-6.4198585
-0.1298584,-0.2698584,-0.059858397,-0.6598584,-0.6498584,-0.4298584,-0.4398584,0.6901416,-0.2198584,-5.469858,-5.6398582,-7.5598583,-9.229858,-10.679858,-11.619859,-11.869859,-12.049858,-12.519858,-12.989859,-13.8598585,-14.649858,-15.739859,-16.149858,-14.849858,-13.309858,-10.129858,-7.159858,-5.0098586,-2.8998585,-1.4498584,0.030141601,1.8501416,2.4401417,2.5701416,2.6601417,2.8401415,2.5601416,1.5601416,0.6201416,2.2601416,3.5501416,2.6101415,1.9901416,-1.2498584,1.5201416,-0.1598584,-2.6398585,-4.9198585,-6.949858,-8.709858,-10.079859,-11.039859,-11.849858,-12.729858,-13.399858,-11.759858,-5.7598586,-7.9898586
-0.1298584,-0.5698584,-1.8598584,-1.8498584,-2.4698584,-1.7398584,-1.9298584,-1.8598584,-1.1998584,-6.8598585,-8.469858,-10.229858,-11.659859,-12.349858,-12.269858,-12.749859,-13.3598585,-13.659859,-14.169858,-14.559858,-14.869859,-15.279859,-15.179858,-14.029859,-12.539859,-10.599858,-8.119859,-6.0698586,-5.3298583,-4.6398582,-0.3798584,0.74014163,1.4901416,2.0601416,2.5901415,3.0201416,3.5901415,4.1801414,4.6601415,4.7501416,4.2001414,3.0901415,2.4101417,1.3601416,1.2701416,0.0901416,-2.4098585,-4.4998584,-6.3698583,-7.8098583,-8.969858,-9.989859,-10.879858,-11.979858,-12.909859,-12.999859,-9.1098585,-10.809858
-1.1298584,-1.6498584,-1.9298584,-3.0198584,-1.9898584,-2.4598584,-2.4398584,-2.1598585,-1.5098584,-5.1698585,-11.689858,-12.519858,-12.389858,-11.289859,-12.189858,-13.149858,-13.809858,-14.079859,-14.1098585,-14.269858,-14.729858,-14.649858,-14.069859,-13.149858,-11.969858,-10.569859,-9.089858,-9.179858,-7.6498585,-4.719858,-0.8998584,2.1701417,3.4601417,4.530142,5.2401414,6.0101414,5.7101417,5.6801414,5.9101415,5.4401417,4.840142,4.1601415,2.8801415,2.1301415,1.6901416,1.3101416,-1.2398584,-3.2698584,-4.7598586,-6.8098583,-8.639858,-9.549858,-10.439858,-11.729858,-12.669858,-12.929858,-12.049858,-13.469858
-3.1198585,-3.7498584,-4.1498585,-3.4798584,-3.2798584,-3.6098585,-2.8498583,-6.2298584,-5.2798586,-9.659859,-7.7998586,-7.3298583,-10.3598585,-11.449859,-11.799858,-12.379858,-12.559858,-12.569859,-13.329859,-13.569859,-13.529859,-13.189858,-12.889858,-12.279859,-11.659859,-11.6098585,-10.309858,-6.2098584,-2.7598584,-0.3898584,0.9601416,2.2701416,3.2801416,3.9301417,4.3601418,4.8101416,6.3101416,6.7401414,5.7301416,5.3901415,4.9301414,4.570142,4.030142,2.8401415,1.5101416,0.4301416,-0.3198584,-2.4798584,-4.0298586,-5.179858,-6.679858,-8.529859,-9.879858,-10.979858,-11.749859,-12.079859,-12.449859,-12.699859
-4.1498585,-4.7098584,-3.2198584,-3.9098585,-3.3198583,-4.659858,-6.8998585,-5.9598584,-7.8598585,-5.199858,-5.6198583,-4.449858,-5.0298586,-10.059858,-12.319859,-12.3598585,-12.379858,-12.329859,-12.819859,-12.779859,-12.289859,-11.989859,-12.419858,-9.849858,-6.429858,-6.3798585,-5.9398584,-4.6298585,-3.7198584,-2.6298585,-1.5298584,-0.4398584,0.9801416,2.4201417,3.5401416,4.4701414,5.5001416,6.6501417,7.2701416,6.570142,5.7001414,5.070142,4.3601418,3.1501417,1.4501415,0.3201416,-0.7298584,-1.6198584,-3.0498583,-4.199858,-5.8798585,-7.0898585,-7.9398584,-8.909859,-9.389858,-9.489859,-9.169858,-8.619859
-2.5198584,-3.2798584,-2.5798583,-2.6898584,-2.9498584,-4.0598583,-3.5598583,-3.8498583,-3.9698584,-4.5398583,-5.2798586,-4.8898582,-6.8398585,-5.3398585,-8.269858,-12.819859,-12.969858,-12.199859,-10.599858,-8.509858,-6.2398586,-3.3098583,-2.9398584,-5.4398584,-7.179858,-7.4398584,-8.249859,-9.199859,-7.449858,-5.8098583,-1.3898584,4.0001416,5.6101418,5.3501415,5.3801417,5.9001417,6.6601415,7.6601415,8.240142,7.9501414,6.8701415,5.9101415,4.8801417,3.4201417,2.3001416,1.5201416,-0.2298584,-1.8898584,-2.9798584,-3.9598584,-4.719858,-5.2498584,-6.3398585,-7.3098583,-7.7298584,-7.6098585,-7.3998585,-6.9998584
-3.2998583,-2.9098585,-1.9698584,-1.9598584,-2.9098585,-3.4998584,-4.4798584,-4.6098585,-4.6698585,-5.8398585,-5.159858,-5.5798583,-6.3798585,-8.509858,-9.929858,-8.209858,-4.909858,-0.6698584,0.4701416,0.1601416,-0.4798584,-3.8798585,-6.929858,-9.009858,-11.369859,-13.019858,-15.149858,-2.5198584,0.080141604,5.1001415,8.530142,9.950142,10.570142,10.800141,10.180141,9.190142,8.650142,8.250141,7.7401414,6.840142,6.4401417,6.0801415,5.2101417,4.8501415,4.1801414,2.2801416,0.17014161,-1.0798584,-2.0198584,-2.9598584,-3.8598585,-4.929858,-5.9398584,-6.5798583,-6.6898584,-6.7098584,-6.6498585,-6.699858
-1.5698584,-2.7598584,-2.3398583,-1.7198584,-2.1498585,-2.8698585,-4.199858,-4.6298585,-5.0498586,-5.4398584,-5.7598586,-8.519858,-6.3498583,-1.9398584,-1.0598584,-3.3598585,0.4401416,3.2401416,3.6301415,4.4401417,0.6601416,-3.7098584,-7.0198584,-10.6098585,-15.389858,-16.499859,-11.569859,15.020142,17.010141,16.870142,15.900142,13.320142,11.830142,10.820142,10.840141,10.480142,10.360142,9.440142,8.450142,7.3801417,6.4901414,5.820142,5.1101418,4.4601417,3.5401416,2.5401416,1.8801416,0.7501416,-0.5598584,-1.6998584,-2.8598585,-4.0198584,-5.1498585,-6.219858,-7.3198586,-7.9198585,-8.039859,-7.9198585
-1.9898584,-3.3398583,-1.8798584,-2.7198584,-5.2798586,-4.3498583,-6.1698585,-8.009858,-10.009858,-11.059858,-11.099858,-6.5598583,2.8201416,0.2101416,1.0201416,0.5701416,-1.0298584,5.590142,6.9101415,4.3301415,1.2201416,-2.2098584,-6.219858,-9.269858,-13.339858,-12.869859,5.2401414,18.310143,17.850142,16.870142,15.420141,13.660142,14.070142,15.010141,17.460142,15.610142,14.180141,13.290142,10.980142,9.540142,8.470141,7.2001414,5.9501414,4.7501416,3.6001415,2.7101417,1.9001416,0.6501416,-0.7898584,-2.2498584,-3.4598584,-4.3298583,-5.3098583,-6.5398583,-7.7898583,-8.389858,-8.129858,-7.3198586
-2.3098583,-4.3698583,0.3901416,3.7201416,-0.0698584,-2.5198584,-9.749859,-7.719858,-6.5998583,-9.349858,-10.909859,-5.8398585,1.5501416,3.9101417,2.3101416,2.2601416,2.8101416,5.9601417,5.4701414,3.6101415,2.5601416,1.0601416,-1.4598584,-3.1898584,-6.1198583,-1.4998584,4.5101414,14.830142,16.180141,15.800141,14.460141,12.740142,12.180141,11.310142,15.400142,17.310143,16.180141,15.250141,14.970141,13.330142,11.360142,9.530142,7.7501416,6.090142,4.5101414,2.9201417,1.5301416,0.5701416,-0.3498584,-1.3398584,-2.4398584,-4.1498585,-6.4398584,-8.3598585,-9.119859,-9.879858,-10.879858,-10.729858
-2.0698583,-1.7598584,-0.8898584,0.1301416,-0.2598584,-2.4698584,-3.0898583,-7.7598586,-6.9598584,-7.9598584,-8.8598585,-3.1498585,4.840142,4.9301414,1.4901416,1.8301415,1.9801416,3.1301415,3.7301416,2.6401415,2.2401416,2.5701416,2.9501417,1.3401417,0.9601416,3.1501417,6.7001414,9.900142,12.470141,12.490142,12.840141,10.990142,8.820142,9.280142,11.8901415,13.920141,15.660142,15.620142,14.1401415,12.920141,11.820142,10.690142,8.980142,7.050142,5.1601415,3.6501417,2.4401417,1.4901416,0.3001416,-1.1998584,-2.7398584,-4.659858,-6.3298583,-7.4198585,-7.9898586,-7.8298583,-7.1398582,-5.3598585
0.7901416,-0.7098584,-1.5298584,-1.6098584,-2.2798584,-0.2498584,-1.2498584,-0.8798584,-2.7898583,-2.7598584,-3.5298584,0.4001416,8.910142,5.9101415,3.8501415,3.7101417,2.7601416,3.5001416,5.2501416,4.6301417,3.8701415,3.7801416,3.0601416,2.9001417,2.9801416,3.7101417,5.3701415,6.8601418,8.430141,9.780142,9.570142,7.4801416,6.7601414,8.630141,10.610142,11.320142,12.710141,11.580142,13.190142,13.190142,12.330142,11.620142,10.200142,8.920141,7.4301414,5.6101418,3.8301415,2.1301415,0.1801416,-1.5298584,-2.7898583,-3.7798584,-4.7998586,-5.179858,-4.9898586,-4.7298584,-4.0498586,-3.7498584
-1.6898584,-1.4598584,-2.8898585,-3.5298584,-0.7098584,0.8101416,0.7901416,0.9601416,1.6301416,0.1301416,0.4301416,2.0701416,1.8101416,1.5301416,1.4401416,2.1301415,3.0901415,3.8801415,4.300142,4.0601416,3.3801415,2.6901417,2.3401415,2.4001417,3.0201416,3.3701415,3.7201416,4.820142,6.3801417,7.1201415,5.7901416,4.8101416,7.030142,8.800141,10.120142,11.070142,11.210141,11.440142,15.490142,15.600142,14.700142,13.900142,12.030142,9.330142,7.1901417,6.8601418,6.2501416,4.840142,3.2301416,1.4101416,-0.4398584,-1.9498584,-3.1298585,-4.0398583,-4.4198585,-4.3298583,-3.8798585,-2.8398583
-2.6098585,-1.0398583,-2.2698584,-5.6298585,-5.969858,-1.4498584,-0.9598584,-0.7698584,-1.9198585,-3.0498583,-2.4998584,-1.0798584,-0.2998584,0.110141605,0.4301416,0.7501416,1.2701416,2.2001417,2.1201415,2.3001416,1.6801416,0.8301416,0.38014162,0.1901416,-0.1598584,0.030141601,0.99014163,2.4201417,2.9801416,2.4401417,2.5601416,6.030142,8.6401415,9.440142,9.730142,9.900142,11.330142,13.080142,13.970141,14.490142,13.980142,13.210141,12.830142,12.320142,11.680141,10.290142,7.4101415,5.4501414,4.1301417,2.9501417,2.1001415,1.3201416,0.6401416,0.3101416,0.2701416,0.7701416,1.8301415,3.0101416
-1.5498585,-6.449858,-8.579859,-6.9598584,-2.5098584,-1.1998584,-4.409858,-4.5898585,-4.179858,-3.7798584,-3.0598583,-2.4398584,-1.8498584,-1.5898584,-1.4598584,-0.3398584,0.5301416,0.8901416,1.2701416,1.6001416,1.4301416,0.17014161,-1.2098584,-2.2998583,-2.0798583,-1.3498584,-0.7898584,-0.8798584,-0.5698584,1.5101416,5.3501415,7.5201416,8.920141,9.370142,9.570142,10.830142,11.310142,11.610142,12.340141,12.490142,12.520142,12.830142,12.560142,11.970141,10.900142,9.720141,8.310142,7.0401416,6.1201415,5.2201414,4.4401417,3.6501417,3.1501417,2.9801416,2.7601416,2.9401417,3.5201416,4.7201414
-4.949858,-9.339858,-6.6098585,-5.8798585,-5.699858,-5.0898585,-4.7798586,-4.9598584,-4.679858,-4.3598585,-4.159858,-4.5198584,-5.0298586,-4.0098586,-3.2698584,-2.5798583,-2.3198583,-0.4898584,1.0401416,0.7701416,-1.0198584,-2.0998583,-2.8398583,-3.2098584,-3.8098583,-3.5498583,-3.7998583,-2.4398584,0.5701416,3.9901416,5.6301417,7.6301417,8.370142,8.920141,9.610142,9.490142,10.110142,10.700142,11.280142,11.480142,12.350142,12.400142,12.030142,11.360142,10.350142,9.350142,8.400142,7.570142,6.8901415,6.2201414,5.5801415,4.9901414,4.3301415,3.6001415,2.8401415,2.7101417,3.0001416,3.2601416
-7.7098584,-5.2498584,-7.8698583,-7.0798583,-5.719858,-6.4198585,-7.1698585,-7.4398584,-8.119859,-7.7598586,-6.3398585,-5.8798585,-5.679858,-5.719858,-4.9898586,-2.0498583,2.8601415,3.1501417,0.5401416,-3.0898583,-3.6098585,-3.0798583,-3.1898584,-4.2598586,-4.1398582,-3.0898583,-0.4898584,1.1801416,2.0301416,3.9701416,6.3501415,7.6701417,8.490142,8.510141,8.670141,8.920141,9.060142,10.290142,10.790142,11.730142,12.710141,12.210141,11.310142,10.330142,10.330142,9.490142,8.220141,7.1301417,6.7101417,6.1801414,5.5001416,4.7901416,4.0201416,3.1401415,2.5901415,2.3001416,2.1601417,2.0901415
-9.119859,-7.9198585,-6.0398583,-5.8598585,-7.3098583,-7.4798584,-7.449858,-7.4998584,-7.909858,-8.159859,-6.5398583,-3.8298583,-3.1598585,-2.3498583,-0.7098584,-0.75985837,-2.0798583,0.1001416,2.0801415,2.3801415,0.4001416,-2.5998583,-4.2898583,-2.5098584,-0.2798584,1.1801416,1.8801416,2.4101417,3.6101415,5.2401414,6.9901414,7.8701415,7.6601415,7.4701414,7.9601417,8.660142,9.320142,9.940142,11.010141,12.030142,12.300141,11.8901415,11.070142,11.020142,9.800141,8.670141,7.6601415,7.1301417,6.0401416,5.8301415,5.3801417,5.090142,4.0001416,3.0001416,2.4201417,2.2101417,2.0901415,2.1101415
-9.269858,-8.199859,-8.049858,-7.4398584,-6.5698586,-6.0598583,-5.199858,-4.0298586,-3.3898585,-3.0198584,-2.5798583,-2.6298585,-2.1498585,-1.8398584,-1.8698584,-0.8998584,0.74014163,1.8501416,2.5701416,3.0701416,3.4901416,2.4401417,1.7801416,1.6201416,1.1401416,1.2901416,2.2501416,3.4501417,4.7501416,5.9001417,7.0001416,7.550142,7.4701414,7.4901414,8.030142,8.870142,9.600142,10.500141,11.790142,11.410142,11.170141,11.010141,11.380141,10.860142,10.290142,8.790142,7.5401416,6.780142,7.0201416,6.3501415,5.4801416,4.7701416,4.2001414,3.3101416,2.5801415,2.1201415,1.9601417,2.1801417
-9.909859,-9.589858,-9.449859,-9.249859,-8.299858,-6.8698583,-5.199858,-4.6398582,-4.0598583,-4.1898584,-3.6398585,-2.6798584,-1.8098584,-0.2798584,0.2301416,1.7501416,3.5101416,5.1601415,5.7101417,4.2701416,3.0201416,2.3001416,1.9801416,2.1001415,2.7801416,4.0101414,4.2601414,4.1901417,5.3301415,6.1001415,7.070142,7.6801414,7.6001415,8.000141,8.760141,9.530142,10.490142,10.760141,10.8901415,10.1401415,10.120142,10.100142,7.6101418,9.240142,9.520142,8.300141,8.630141,8.570142,7.9501414,7.280142,6.4201417,5.5201416,4.1801414,3.1801417,2.5201416,2.0401416,1.9001416,2.1001415
