current-wind-surface-level-gfs-1.0.json
{"header": { "discipline":0, "disciplineName":"Meteorological products", "gribEdition":2, "gribLength":73423, "center":7, "centerName":"US National Weather Service - NCEP(WMC)", "subcenter":0, "refTime":"2018-01-01T06:00:00.000Z", "significanceOfRT":1, "significanceOfRTName":"Start of forecast", "productStatus":0, "productStatusName":"Operational products", "productType":1, "productTypeName":"Forecast products", "productDefinitionTemplate":0, "productDefinitionTemplateName":"Analysis/forecast at horizontal level/layer at a point in time", "parameterCategory":2, "parameterCategoryName":"Momentum", "parameterNumber":2, "parameterNumberName":"U-component_of_wind", "parameterUnit":"m.s-1", "genProcessType":2, "genProcessTypeName":"Forecast", "forecastTime":0, "surface1Type":103, "surface1TypeName":"Specified height level above ground", "surface1Value":10.0, "surface2Type":255, "surface2TypeName":"Missing", "surface2Value":0.0, "gridDefinitionTemplate":0, "gridDefinitionTemplateName":"Latitude_Longitude", "numberPoints":65160, "shape":6, "shapeName":"Earth spherical with radius of 6,371,229.0 m", "gridUnits":"degrees", "resolution":48, "winds":"true", "scanMode":0, "nx":360, "ny":181, "basicAngle":0, "lo1":0.0, "la1":90.0, "lo2":359.0, "la2":-90.0, "dx":1.0, "dy":1.0 }, "data":
[rows 104 to 129 of 181, columns 236 to 294 of 360]
-6.4957957,-6.2657957,-6.655796,-6.295796,-6.9957957,-7.715796,-7.115796,-7.0557957,-7.205796,-7.2457957,-7.395796,-7.795796,-8.125796,-8.115796,-8.105796,-8.0057955,-7.7257957,-7.5157957,-7.415796,-7.7857957,-8.285796,-8.625796,-8.705796,-8.655796,-8.535796,-8.475796,-8.0057955,-7.345796,-7.455796,-7.905796,-7.875796,-7.645796,-7.525796,-7.345796,-7.395796,-7.205796,-7.0557957,-6.645796,-6.365796,-6.405796,-6.125796,-5.9757957,-5.375796,-4.855796,-3.795796,-3.0857959,-2.505796,-2.065796,0.9342041,0.9842041,1.4742041,0.4642041,1.2142041,-0.1857959,0.9642041,0.8742041,1.5242041,0.8842041,1.0742041
-6.4957957,-6.685796,-7.5557957,-7.315796,-6.885796,-7.815796,-7.185796,-6.825796,-6.795796,-6.7657957,-7.255796,-7.4957957,-8.055796,-8.095796,-8.225796,-7.9757957,-7.705796,-7.405796,-7.355796,-7.7457957,-8.595796,-9.115796,-9.045795,-8.865796,-8.585796,-8.365796,-8.025796,-8.075796,-8.075796,-7.9957957,-8.035796,-7.665796,-7.525796,-7.235796,-7.175796,-7.185796,-7.065796,-6.845796,-6.815796,-6.695796,-6.425796,-6.2457957,-5.835796,-4.925796,-4.175796,-4.195796,-3.6657958,-2.5857959,-1.9657959,0.9942041,1.854204,0.3942041,0.9142041,1.6442041,0.3942041,1.0142041,0.4542041,-0.8357959,1.0842041
-6.7657957,-6.625796,-7.2457957,-7.505796,-7.335796,-7.435796,-7.2457957,-6.655796,-6.815796,-6.925796,-7.155796,-8.145796,-8.415796,-8.415796,-8.235796,-8.225796,-7.9957957,-7.375796,-7.5157957,-8.275796,-8.635796,-9.285796,-9.325796,-8.9657955,-8.655796,-8.125796,-7.955796,-8.025796,-7.865796,-8.015796,-7.9957957,-7.8057957,-7.645796,-7.375796,-7.405796,-7.255796,-6.965796,-6.7657957,-6.7257957,-6.405796,-6.115796,-5.865796,-5.215796,-4.835796,-4.2857957,-3.3457959,-2.8357959,-3.065796,-2.285796,-2.455796,-1.385796,-0.0257959,0.5542041,-0.3257959,-1.3757958,-1.1257958,1.2642041,1.3042041,0.2642041
-6.505796,-6.445796,-7.135796,-7.195796,-7.5157957,-7.355796,-7.415796,-7.925796,-7.7857957,-7.415796,-9.125796,-8.825796,-8.765796,-8.475796,-8.175796,-7.835796,-8.135796,-7.575796,-8.065796,-8.925796,-8.985796,-9.275796,-8.995796,-8.765796,-8.385796,-8.045795,-7.775796,-7.865796,-7.5157957,-7.755796,-7.5557957,-7.7257957,-7.645796,-7.425796,-7.585796,-7.295796,-6.945796,-6.915796,-6.8057957,-6.685796,-6.335796,-5.865796,-5.525796,-4.965796,-4.715796,-3.555796,-2.8357959,-2.015796,-2.1157959,-1.885796,-1.1157959,-2.575796,-1.5757959,2.234204,1.0842041,0.0942041,-1.2357959,-0.5857959,0.9442041
-6.105796,-6.235796,-7.155796,-7.355796,-7.3057957,-7.955796,-7.875796,-7.985796,-7.955796,-8.045795,-8.695796,-8.635796,-8.685796,-8.235796,-7.875796,-8.345796,-8.125796,-8.025796,-8.4657955,-9.305796,-9.165796,-9.015796,-8.555796,-8.325796,-7.945796,-7.715796,-7.655796,-7.595796,-7.4957957,-7.4757957,-7.155796,-6.835796,-7.215796,-7.025796,-7.205796,-6.925796,-6.645796,-6.605796,-6.575796,-6.435796,-6.205796,-5.915796,-5.465796,-5.155796,-4.715796,-4.255796,-3.6657958,-2.975796,-2.1157959,-1.5757959,-1.3057959,-0.7057959,-1.1857959,-2.495796,1.5542041,1.854204,0.7942041,-1.9357959,-1.4657959
-5.7457957,-6.5557957,-7.075796,-7.045796,-6.965796,-7.7457957,-7.915796,-8.195796,-8.7557955,-8.115796,-8.415796,-8.315796,-8.495796,-7.9757957,-8.015796,-8.195796,-8.265796,-8.355796,-8.745796,-8.765796,-8.775796,-8.635796,-8.535796,-8.335796,-7.905796,-7.595796,-7.455796,-7.2457957,-7.095796,-7.005796,-6.845796,-6.645796,-6.635796,-6.675796,-6.585796,-6.315796,-6.175796,-6.095796,-6.115796,-5.965796,-5.8057957,-5.5357957,-5.075796,-4.615796,-4.215796,-3.8857958,-3.735796,-3.3957958,-2.805796,-1.2357959,-0.2257959,-0.2157959,0.4342041,-0.2057959,1.6542041,3.1542041,4.784204,3.6142042,-2.315796
-5.625796,-6.185796,-6.9757957,-7.335796,-7.205796,-7.865796,-7.175796,-8.135796,-8.695796,-7.755796,-7.865796,-8.055796,-7.885796,-8.085796,-8.145796,-8.445796,-8.485796,-8.455796,-8.675796,-8.485796,-8.655796,-8.445796,-8.535796,-8.295795,-8.085796,-7.705796,-7.405796,-7.0557957,-6.685796,-6.615796,-6.445796,-6.315796,-6.345796,-6.195796,-5.915796,-5.755796,-5.895796,-5.775796,-5.485796,-5.2257957,-4.985796,-4.865796,-4.465796,-4.0157957,-3.6257958,-3.215796,-2.945796,-2.975796,-2.4257958,-2.0957959,-0.9257959,1.3142041,0.3842041,0.1442041,1.0342041,1.2542042,2.954204,3.424204,-2.1257958
-5.135796,-5.715796,-6.855796,-7.085796,-7.2457957,-7.105796,-7.365796,-7.7457957,-7.7257957,-7.195796,-7.615796,-7.955796,-7.7857957,-7.955796,-8.365796,-9.015796,-8.595796,-8.525796,-8.395796,-8.445796,-8.365796,-8.275796,-8.495796,-7.965796,-7.775796,-7.5357957,-6.965796,-6.7657957,-6.345796,-6.185796,-6.135796,-5.875796,-6.2857957,-6.025796,-5.705796,-5.425796,-5.585796,-5.415796,-5.175796,-4.8057957,-4.545796,-4.455796,-4.545796,-4.115796,-3.475796,-3.065796,-2.325796,-1.9157959,-1.9757959,-1.1057959,-1.8657959,0.1042041,-0.2157959,0.3542041,1.0642041,0.2042041,3.174204,2.754204,-2.4157958
-4.615796,-5.2457957,-5.9957957,-6.5557957,-6.815796,-6.365796,-6.455796,-7.165796,-7.445796,-7.815796,-8.035796,-7.315796,-7.595796,-8.145796,-8.485796,-8.835796,-8.615796,-8.535796,-8.345796,-8.185796,-8.075796,-8.125796,-7.965796,-7.795796,-7.365796,-7.205796,-6.755796,-6.385796,-6.2257957,-6.0357957,-5.825796,-5.615796,-5.4957957,-5.205796,-5.085796,-5.025796,-4.885796,-4.815796,-4.665796,-4.5157957,-4.2657957,-3.775796,-3.3457959,-2.6857958,-3.735796,-3.6357958,-3.1557958,-2.285796,-1.755796,-1.7757959,-1.385796,-2.6057959,-0.5057959,-1.4057959,1.0542041,-0.0257959,1.4242041,0.2142041,0.1242041
-3.725796,-4.205796,-5.005796,-5.485796,-6.005796,-5.925796,-5.775796,-6.345796,-6.675796,-7.3057957,-6.775796,-7.585796,-7.5557957,-8.485796,-8.555796,-8.435796,-8.665796,-8.705796,-8.545795,-8.445796,-8.355796,-7.905796,-7.695796,-7.2857957,-6.9757957,-6.195796,-5.4757957,-5.455796,-5.5557957,-5.455796,-5.195796,-5.005796,-4.695796,-4.4957957,-4.365796,-4.065796,-3.735796,-3.825796,-3.755796,-3.1057959,-2.195796,-1.3657959,-0.7557959,0.0042041014,-1.4857959,-2.255796,-2.505796,-3.6557958,-2.9357958,-2.025796,-2.075796,-2.035796,-0.8657959,0.6842041,1.0042042,0.5742041,0.1942041,3.0842042,-0.7857959
-2.8457959,-3.1257958,-3.805796,-4.4957957,-5.075796,-5.425796,-5.865796,-5.255796,-6.045796,-6.5357957,-6.8057957,-7.355796,-7.655796,-7.625796,-7.7457957,-7.895796,-8.185796,-8.165796,-8.225796,-8.345796,-7.815796,-7.335796,-6.665796,-6.025796,-5.275796,-4.7457957,-4.415796,-4.355796,-4.5157957,-4.5357957,-4.505796,-4.335796,-4.165796,-3.975796,-3.8457959,-3.075796,-2.1857958,-2.5957959,-2.3857958,-2.205796,-1.9557959,-1.505796,-3.065796,-3.1657958,-2.035796,-1.395796,-1.395796,-1.2057959,-2.995796,-4.235796,-2.3757958,-1.5257959,0.6842041,1.484204,0.3742041,0.054204103,1.0142041,2.954204,0.7742041
-1.4457959,-2.025796,-2.4157958,-3.305796,-4.095796,-4.465796,-5.2657957,-5.405796,-5.505796,-5.395796,-5.815796,-7.165796,-6.845796,-6.655796,-6.875796,-7.255796,-7.875796,-7.825796,-7.7257957,-7.345796,-6.775796,-5.905796,-5.125796,-4.4957957,-4.095796,-3.825796,-3.8457959,-4.185796,-3.8757958,-3.6657958,-3.795796,-3.9257958,-3.955796,-3.765796,-3.4257958,-3.005796,-2.775796,-1.9957958,-1.395796,-1.755796,-2.205796,-5.955796,-4.965796,-4.415796,-4.325796,-3.4357958,-1.9057959,-0.3357959,-0.3357959,-1.1157959,-2.3757958,-1.015796,0.5242041,2.054204,-2.475796,0.7642041,2.974204,2.9042041,-2.235796
0.2842041,-0.9157959,-1.4057959,-2.025796,-2.535796,-3.235796,-4.115796,-4.575796,-4.835796,-4.545796,-5.145796,-6.895796,-6.425796,-6.155796,-6.165796,-6.2857957,-6.325796,-6.405796,-6.125796,-6.0357957,-5.9957957,-5.415796,-4.395796,-3.5857959,-3.275796,-2.945796,-2.745796,-2.9057958,-3.005796,-2.715796,-2.6257958,-2.805796,-3.1357958,-3.045796,-2.8957958,-2.5957959,-2.715796,-2.1857958,-4.445796,-7.4757957,-7.395796,-6.545796,-5.835796,-5.695796,-5.345796,-4.9957957,-4.085796,-3.3857958,-2.6457958,-2.045796,-1.4757959,0.0442041,0.8142041,1.6742041,1.5142041,1.5442041,2.934204,3.8442042,-2.1857958
1.5042042,0.7342041,-0.4357959,-0.7957959,-1.1857959,-1.5957959,-2.325796,-2.6757958,-3.735796,-4.115796,-4.165796,-5.255796,-4.945796,-5.4757957,-5.145796,-4.965796,-5.445796,-4.895796,-4.935796,-5.215796,-4.655796,-3.6257958,-2.6257958,-2.325796,-2.3357959,-1.8457959,-1.645796,-1.6157959,-1.4657959,-1.3557959,-1.4457959,-1.635796,-1.8257959,-2.0957959,-2.3557959,-2.3957958,-4.045796,-5.145796,-7.695796,-7.345796,-7.135796,-6.795796,-6.455796,-6.115796,-5.835796,-5.155796,-4.345796,-3.6357958,-2.775796,-1.8657959,-0.5157959,0.6442041,1.0842041,2.244204,0.8442041,1.104204,0.6642041,-1.3757958,2.6042042
2.8942041,2.464204,0.7142041,0.2142041,0.2142041,-0.0657959,-0.4257959,-1.6857959,-1.5857959,-2.515796,-3.015796,-2.965796,-3.535796,-4.045796,-2.975796,-2.805796,-1.505796,-2.965796,-3.8357959,-3.9257958,-3.3657959,-2.8757958,-3.9157958,-4.365796,-3.275796,-1.6257958,-1.1657959,-0.055795897,0.5642041,0.3742041,0.2142041,-0.0657959,-0.5057959,-1.0957959,-1.7257959,-2.9357958,-4.695796,-6.205796,-6.685796,-6.705796,-6.635796,-6.405796,-5.835796,-5.735796,-5.5557957,-5.205796,-4.5157957,-3.6157959,-2.5857959,-1.0557959,-0.0457959,0.8542041,1.5842041,0.8942041,0.5042041,3.024204,-1.8257959,-1.9257959,1.4342041
2.444204,3.804204,3.0942042,1.3442041,1.8342041,1.0842041,0.8442041,0.4842041,-0.2557959,-0.4057959,-0.6757959,-1.3657959,-0.9457959,-0.7557959,-0.5757959,-0.0257959,-0.3357959,-3.505796,-3.025796,-3.1057959,-2.8557959,-3.715796,-4.345796,-4.0557957,-2.9257958,-2.025796,-1.8257959,-1.2057959,-0.6357959,0.2842041,1.7542042,2.6242042,1.9742041,0.6642041,-1.1157959,-3.1557958,-4.605796,-5.435796,-5.675796,-5.685796,-5.655796,-5.455796,-5.095796,-5.2457957,-5.095796,-4.815796,-4.195796,-3.285796,-2.1757958,-0.7257959,-0.1057959,0.7642041,1.244204,1.1542041,0.7442041,-0.5157959,0.4642041,0.6742041,-1.6657959
3.0642042,4.384204,4.2542043,2.964204,3.5842042,2.984204,2.484204,1.9042041,1.6742041,1.354204,0.8542041,0.7442041,1.354204,2.454204,2.5642042,0.9842041,-1.3457959,-1.5557959,-1.8757958,-2.0957959,-2.505796,-2.9257958,-2.805796,-2.315796,-1.8557959,-1.6257958,-1.2157959,-0.5657959,0.0442041,0.7342041,1.3842041,1.8042041,2.504204,2.6242042,0.054204103,-3.1857958,-4.075796,-4.565796,-4.625796,-4.9957957,-4.845796,-4.465796,-4.7457957,-4.935796,-4.565796,-4.345796,-3.825796,-3.1057959,-1.9957958,-0.9557959,-0.1257959,1.0542041,2.444204,2.1142042,1.9542041,-3.5857959,3.3742042,-4.525796,-4.865796
2.8742042,2.674204,1.1842041,4.534204,4.934204,3.464204,4.0242043,3.1142042,2.714204,2.544204,1.6242042,1.5842041,2.434204,1.9242041,0.8442041,0.9642041,0.8242041,0.1542041,-0.6057959,-0.9457959,-1.505796,-1.6057959,-1.2357959,-1.0757959,-0.7157959,-0.2757959,0.1442041,0.7042041,0.9842041,0.90420413,1.3942041,2.5642042,2.6042042,1.9542041,-0.16579589,-2.9357958,-3.725796,-3.985796,-4.235796,-5.125796,-4.405796,-4.395796,-4.615796,-4.325796,-4.215796,-4.075796,-3.6257958,-2.745796,-1.9357959,-1.0457959,-0.0657959,0.8842041,1.0742041,0.9942041,3.554204,-2.1057959,-0.4957959,0.9342041,-0.7457959
3.6342041,2.554204,1.4542041,1.9642041,2.774204,3.534204,4.824204,4.474204,3.964204,3.254204,2.8742042,2.804204,2.5642042,1.8342041,1.1942041,1.364204,1.3942041,1.4242041,0.9642041,0.5142041,0.1542041,0.1042041,0.22420411,0.1342041,0.3242041,0.7642041,1.2742041,1.8442041,1.4142041,1.5042042,1.6242042,2.6342041,2.6642041,2.5742042,-2.265796,-3.525796,-3.545796,-3.705796,-4.315796,-4.3057957,-4.675796,-4.395796,-4.115796,-3.5857959,-3.8957958,-3.6457958,-3.475796,-2.465796,-1.6657959,-0.7457959,0.1742041,0.9142041,0.7942041,0.2742041,2.8142042,-0.1757959,2.724204,-0.1957959,-2.3857958
4.2142043,4.154204,2.8742042,2.3842041,3.0842042,1.6942041,2.424204,5.4442043,5.7342043,3.774204,3.484204,2.984204,3.044204,2.764204,2.744204,2.3742042,1.9042041,2.224204,2.4042041,1.9542041,1.2742041,1.1542041,1.7042041,1.7542042,1.7642041,1.994204,2.444204,2.8842041,2.204204,2.3342042,3.204204,2.534204,3.1242042,2.1642041,-2.965796,-3.815796,-3.9057958,-3.985796,-3.3957958,-3.795796,-3.955796,-3.6457958,-3.5957959,-3.205796,-3.3557959,-3.205796,-3.0957959,-2.1257958,-1.2157959,-0.1457959,0.8042041,1.994204,2.1342041,0.22420411,2.234204,-0.8257959,0.5142041,-0.5657959,-1.4257959
5.924204,4.914204,5.404204,3.944204,4.044204,3.5942042,2.944204,2.984204,2.974204,4.974204,4.644204,4.0242043,3.5842042,3.8142042,3.804204,3.774204,3.054204,2.3542042,2.714204,2.4142041,2.304204,2.934204,3.264204,3.264204,3.3942041,3.6142042,3.754204,3.954204,3.3742042,3.1642041,3.294204,2.1042042,2.174204,1.4242041,-4.5357957,-4.385796,-4.3057957,-3.745796,-3.6357958,-3.4257958,-3.0857959,-3.045796,-2.975796,-2.6457958,-3.1357958,-3.1457958,-2.9057958,-1.7457958,-0.84579587,0.3042041,1.744204,3.004204,1.234204,-0.6357959,1.8742042,-0.5857959,1.2542042,-1.3357959,-2.1657958
5.414204,4.654204,4.9642043,5.904204,5.744204,5.084204,4.164204,3.8342042,4.0242043,4.084204,4.7742043,5.064204,4.914204,4.494204,4.0042043,3.744204,3.3342042,3.1342041,3.8742042,3.9142041,3.754204,3.984204,4.364204,4.704204,4.804204,4.924204,4.864204,4.864204,4.2142043,3.4142041,2.704204,2.514204,1.3842041,-1.3557959,-4.425796,-4.435796,-4.365796,-3.815796,-3.295796,-2.6757958,-2.6257958,-2.1857958,-2.215796,-2.275796,-2.4257958,-2.695796,-2.755796,-1.5757959,-0.6757959,0.2042041,1.6742041,2.754204,-0.5557959,-1.0657959,3.444204,-1.2757959,1.2842041,-0.7957959,-0.9457959
7.4642043,6.814204,5.624204,6.244204,6.684204,6.364204,5.404204,5.074204,4.544204,4.764204,5.114204,5.354204,5.364204,5.084204,3.8742042,3.554204,3.444204,3.784204,4.264204,4.244204,4.664204,5.034204,5.154204,4.634204,4.594204,4.684204,4.924204,4.884204,4.704204,3.304204,2.804204,2.6142042,1.984204,-4.375796,-4.0157957,-4.045796,-3.5957959,-2.745796,-1.9557959,-1.8257959,-1.5257959,-1.3057959,-1.265796,-1.505796,-1.5557959,-1.7857959,-1.9657959,-1.5357959,-0.7657959,-0.2357959,0.7542041,0.3642041,2.1342041,-1.0557959,2.554204,1.9142041,0.9842041,-0.015795898,1.6642041
8.404204,8.524204,7.704204,6.284204,6.664204,7.154204,5.654204,5.534204,5.304204,5.154204,5.124204,6.204204,6.014204,5.2342043,4.264204,4.454204,3.8242042,4.0242043,4.514204,5.264204,5.2742043,5.094204,5.144204,5.0042043,4.874204,4.894204,5.174204,5.124204,5.044204,4.054204,3.274204,3.054204,-0.5257959,-3.995796,-3.515796,-3.295796,-2.6157959,-1.1857959,-0.4457959,-0.5557959,-0.3357959,-0.2657959,-0.0657959,-0.3857959,-0.5357959,-0.8257959,-1.0957959,-1.1257958,-0.7057959,-0.45579588,0.4742041,-1.015796,-0.8857959,1.7942041,3.264204,0.3942041,2.684204,2.3442042,2.934204
8.154204,8.584204,8.834204,7.764204,6.704204,7.084204,6.904204,5.904204,5.2542043,4.7342043,4.784204,5.094204,5.834204,5.0242043,4.324204,4.764204,4.374204,4.324204,4.7542043,5.244204,4.994204,5.384204,5.604204,5.424204,5.294204,5.4442043,5.564204,5.344204,5.344204,4.854204,3.8242042,4.224204,-1.4757959,-2.8757958,-2.3557959,-1.3757958,-1.0657959,0.4442041,1.2142041,1.2642041,0.9742041,1.1542041,1.1942041,0.9142041,0.7242041,0.4542041,-0.1057959,-0.4157959,-0.3157959,-0.45579588,-0.45579588,0.7642041,-0.9657959,3.454204,2.8642042,3.304204,3.934204,3.6642041,4.614204
10.004204,9.5342045,9.434204,8.574204,6.6942043,6.894204,6.934204,7.124204,5.304204,3.984204,4.2542043,3.964204,3.744204,3.794204,3.984204,4.4842043,4.514204,4.434204,4.624204,4.7142043,4.9442043,5.374204,5.2742043,5.134204,5.284204,5.434204,5.384204,5.294204,5.544204,5.454204,4.2142043,3.774204,-0.2157959,-0.4857959,0.22420411,0.4142041,1.0742041,1.9742041,2.5742042,2.8942041,2.6042042,2.734204,2.6442041,2.3842041,2.0942042,1.7742041,1.1342041,0.6242041,0.2842041,0.0842041,0.1342041,0.0842041,-1.385796,1.5442041,3.274204,5.374204,8.514204,8.404204,2.6142042
