current-wind-surface-level-gfs-1.0.json
{"header": { "discipline":0, "disciplineName":"Meteorological products", "gribEdition":2, "gribLength":73423, "center":7, "centerName":"US National Weather Service - NCEP(WMC)", "subcenter":0, "refTime":"2018-01-01T06:00:00.000Z", "significanceOfRT":1, "significanceOfRTName":"Start of forecast", "productStatus":0, "productStatusName":"Operational products", "productType":1, "productTypeName":"Forecast products", "productDefinitionTemplate":0, "productDefinitionTemplateName":"Analysis/forecast at horizontal level/layer at a point in time", "parameterCategory":2, "parameterCategoryName":"Momentum", "parameterNumber":2, "parameterNumberName":"U-component_of_wind", "parameterUnit":"m.s-1", "genProcessType":2, "genProcessTypeName":"Forecast", "forecastTime":0, "surface1Type":103, "surface1TypeName":"Specified height level above ground", "surface1Value":10.0, "surface2Type":255, "surface2TypeName":"Missing", "surface2Value":0.0, "gridDefinitionTemplate":0, "gridDefinitionTemplateName":"Latitude_Longitude", "numberPoints":65160, "shape":6, "shapeName":"Earth spherical with radius of 6,371,229.0 m", "gridUnits":"degrees", "resolution":48, "winds":"true", "scanMode":0, "nx":360, "ny":181, "basicAngle":0, "lo1":0.0, "la1":90.0, "lo2":359.0, "la2":-90.0, "dx":1.0, "dy":1.0 }, "data":
[rows 130 to 155 of 181, columns 0 to 58 of 360]
10.114204,10.2842045,10.224204,9.914204,10.314204,11.2442045,11.734204,11.454205,10.714204,11.064204,10.664204,10.264204,11.2442045,11.064204,11.024204,10.484204,10.004204,8.954205,9.804204,10.774204,11.624204,12.134204,11.224204,8.564204,5.764204,3.8442042,3.504204,6.374204,1.6742041,-6.355796,-6.2457957,-7.165796,-6.655796,-6.315796,-4.875796,-5.175796,-5.685796,-5.7657957,-4.695796,-3.995796,-5.295796,-5.635796,-4.675796,-3.475796,-2.1157959,-1.8157959,-1.4557959,-1.4457959,-0.5557959,-0.5357959,0.064204104,0.3242041,0.2542041,0.2442041,2.264204,1.5942041,-0.3057959,2.234204,3.3142042
11.404204,11.524204,11.574204,11.824204,12.024204,12.174204,12.304204,11.904204,11.094204,12.214204,12.214204,11.324204,12.204205,11.954205,11.674204,11.674204,10.884204,9.314204,10.374204,10.084204,10.144204,9.904204,8.064204,4.5242043,3.3142042,2.044204,1.6542041,1.9042041,-2.6857958,-6.545796,-6.4957957,-6.385796,-5.715796,-4.665796,-5.0157957,-5.735796,-5.005796,-3.8757958,-3.705796,-3.765796,-5.115796,-3.965796,-2.9057958,-0.7657959,-0.1557959,0.5842041,-0.4957959,-0.3557959,0.9142041,0.7842041,1.7942041,1.8242041,2.1342041,2.8342042,3.804204,1.9642041,2.474204,4.134204,4.7142043
12.504204,12.574204,12.594204,12.624204,12.674204,12.654204,12.4942045,12.564204,12.544204,11.9942045,12.454205,12.234204,11.374204,11.524204,12.274204,12.374204,11.734204,9.7842045,10.074204,9.184204,9.004204,8.424204,6.644204,7.454204,5.324204,1.6542041,0.2442041,-1.9757959,-4.695796,-5.625796,-6.605796,-6.0157957,-4.905796,-4.795796,-4.815796,-5.175796,-4.005796,-3.525796,-3.955796,-4.845796,-4.075796,-2.8857958,-1.5757959,-0.1557959,0.1342041,-0.015795898,-0.4657959,0.9342041,1.364204,1.7542042,2.3542042,3.514204,4.104204,4.424204,5.074204,3.6342041,3.8242042,5.414204,4.784204
12.564204,12.7442045,12.904204,12.914204,12.844204,12.864204,12.984204,13.144204,13.004204,12.834204,13.184204,12.384204,11.464204,11.614204,11.554204,12.184204,12.154204,9.634204,9.504204,7.954204,7.5242043,7.0242043,3.0642042,3.4142041,1.0342041,-0.3357959,-1.3557959,-3.1057959,-4.965796,-4.695796,-4.7457957,-4.2857957,-4.455796,-4.845796,-4.875796,-5.0357957,-4.0357957,-3.775796,-3.9157958,-3.035796,-2.1757958,-1.2257959,-0.1957959,0.4042041,0.7642041,0.7342041,1.3842041,2.0942042,2.524204,3.1042042,3.9142041,4.614204,4.9642043,5.354204,5.424204,5.974204,6.174204,5.344204,4.604204
12.344204,12.574204,12.914204,12.684204,12.204205,12.384204,12.724204,12.974204,13.194204,13.084204,13.404204,13.414204,12.914204,12.354204,11.794204,11.264204,11.824204,10.0342045,8.754204,7.4642043,6.394204,6.134204,1.1242042,0.65420413,-4.235796,-3.295796,-4.205796,-3.6357958,-3.555796,-3.805796,-3.4257958,-6.3057957,-5.595796,-4.3057957,-4.395796,-3.705796,-2.965796,-2.575796,-1.9857959,-1.3357959,-0.5657959,0.1842041,0.8042041,1.4042041,1.9742041,2.424204,2.8142042,3.3742042,4.094204,4.824204,5.4642043,5.9842043,6.294204,5.9442043,6.044204,7.0242043,6.394204,5.014204,4.924204
11.314204,11.824204,12.274204,12.344204,12.194204,11.914204,11.344204,11.114204,12.084204,13.2842045,13.334204,13.084204,12.914204,13.094204,12.2442045,12.044204,11.704205,10.624204,8.014204,7.224204,5.454204,4.794204,2.4042041,-1.8657959,-4.685796,-4.615796,-5.385796,-5.345796,-5.915796,-6.635796,-5.795796,-5.2257957,-3.3357959,-2.695796,-3.025796,-2.6357958,-1.6557959,-1.0957959,-0.4657959,0.0742041,0.8342041,1.614204,2.3542042,2.994204,3.5642042,4.094204,4.604204,5.134204,5.704204,6.314204,6.894204,7.284204,7.034204,6.904204,7.284204,7.184204,6.9642043,6.174204,5.894204
10.304204,10.594204,10.704205,10.954205,11.654204,11.4942045,10.814204,10.974204,11.644204,12.634204,13.004204,12.714204,12.314204,12.444204,11.904204,10.804204,10.184204,11.004204,8.624204,8.0342045,5.054204,3.8342042,3.1142042,-1.8357959,-2.815796,-4.215796,-4.7657957,-6.325796,-5.275796,-5.695796,-4.755796,-3.525796,-2.705796,-2.225796,-1.8157959,-1.2857959,-0.2057959,0.4642041,1.2942041,2.004204,2.6542041,3.284204,3.954204,4.604204,5.1942043,5.7142043,6.154204,6.614204,7.074204,7.5242043,7.914204,8.234204,8.314204,8.2842045,8.384204,8.194204,8.194204,8.044204,7.164204
10.854204,11.294204,11.294204,10.914204,10.9942045,10.764204,10.464204,10.774204,10.824204,10.944204,11.524204,12.0342045,12.324204,11.964204,11.584204,11.174204,10.424204,10.124204,8.104204,6.014204,5.294204,3.3242042,2.194204,1.3242041,-0.6757959,-1.9757959,-2.525796,-3.695796,-3.695796,-3.255796,-2.735796,-2.295796,-1.6957959,-1.135796,-0.5557959,-0.0057958984,0.6942041,1.244204,2.924204,3.3642042,4.034204,4.654204,5.2342043,5.784204,6.324204,6.834204,7.334204,7.834204,8.234204,8.604204,9.064204,9.674204,9.934204,9.694204,9.234204,8.7842045,8.7842045,8.804204,8.234204
11.464204,11.754204,12.0342045,12.124204,11.964204,11.514204,11.154204,11.074204,10.894204,11.114204,11.684204,11.234204,11.104204,11.474204,10.954205,9.924204,9.174204,8.664204,8.194204,5.7542043,5.034204,3.5642042,2.194204,0.6242041,0.3542041,0.9442041,-0.115795895,-1.3557959,-1.9357959,-1.9057959,-1.7157959,-1.5557959,-1.0557959,-0.3757959,0.3742041,1.0642041,1.9042041,2.554204,3.6142042,4.184204,4.764204,5.1942043,5.644204,6.124204,6.574204,7.014204,7.604204,8.424204,9.044204,9.464204,10.114204,10.544204,10.7442045,11.0342045,11.204205,10.714204,10.204205,10.344204,9.584204
12.464204,12.234204,11.924204,11.984204,11.864204,11.344204,10.974204,11.014204,10.904204,11.124204,11.474204,10.864204,9.914204,9.854204,9.684204,9.064204,8.414204,8.044204,7.534204,5.324204,3.754204,3.5742042,3.174204,1.8842041,0.2342041,-0.8657959,0.9642041,0.9142041,0.3142041,-0.2257959,-0.4157959,-0.3257959,0.1242041,0.7542041,1.354204,1.8742042,2.504204,3.214204,3.784204,4.384204,4.724204,4.924204,5.1942043,5.534204,5.784204,6.164204,6.634204,7.294204,8.124204,9.064204,9.914204,10.664204,11.304204,11.754204,12.004204,12.2442045,12.154204,11.144204,8.084204
12.154204,12.414204,11.804204,11.394204,11.344204,11.0342045,11.2442045,11.204205,10.674204,10.404204,10.174204,9.554204,9.204205,8.914204,8.754204,8.804204,7.824204,7.544204,6.5042043,5.324204,4.424204,3.6642041,2.8542042,2.6542041,1.8142041,0.8542041,-0.5757959,-1.0657959,-0.1957959,0.0942041,0.2642041,0.2842041,0.5342041,1.104204,1.5342041,1.6842041,1.7542042,1.984204,2.0842042,2.024204,1.9542041,2.004204,2.234204,3.034204,3.994204,4.624204,5.304204,6.2542043,7.374204,8.454205,9.314204,10.294204,11.124204,11.654204,11.824204,11.734204,11.134204,7.584204,4.304204
11.474204,11.384204,11.344204,11.364204,11.4942045,11.614204,11.444204,11.304204,11.014204,10.644204,10.054204,9.4942045,8.914204,8.664204,8.174204,7.864204,7.474204,6.844204,6.264204,5.974204,5.264204,4.604204,3.264204,2.5842042,2.304204,1.9242041,1.1942041,0.1742041,-1.2457958,-2.1557958,-2.195796,-1.7957959,-1.7057959,-1.3057959,-1.2357959,-1.0857959,-1.015796,-0.7857959,-0.0857959,0.4642041,0.5042041,2.004204,2.494204,2.724204,2.8142042,3.004204,3.514204,4.124204,5.104204,6.074204,6.924204,7.764204,8.524204,9.714204,9.914204,9.044204,5.284204,2.3642042,2.554204
11.694204,11.624204,11.5342045,11.4942045,11.454205,11.404204,11.434204,11.054204,10.774204,10.254204,9.644204,9.094204,8.5342045,8.054204,8.014204,7.674204,7.564204,7.324204,6.854204,6.474204,6.0242043,5.414204,4.914204,3.684204,2.5742042,2.234204,1.7842041,1.2842041,0.5042041,-0.45579588,-1.3257959,-1.9557959,-2.055796,-1.9357959,-1.515796,-0.9757959,0.0942041,0.8242041,1.3142041,1.854204,2.8242042,3.044204,2.924204,2.234204,2.1342041,2.214204,2.194204,2.4042041,2.054204,2.6042042,2.6542041,2.504204,1.7142041,1.3842041,1.494204,0.2742041,0.1142041,0.9142041,2.6042042
12.374204,12.414204,12.464204,12.544204,12.564204,12.474204,12.044204,11.344204,10.734204,10.084204,9.334204,8.874204,8.474204,8.2442045,8.014204,7.584204,7.4642043,7.424204,7.2742043,6.864204,6.304204,5.704204,5.174204,4.684204,4.1942043,2.774204,2.464204,2.4042041,2.1142042,1.8942041,1.9642041,2.0642042,2.034204,1.994204,2.744204,3.3942041,3.1542041,3.1142042,3.244204,3.684204,4.114204,4.354204,4.204204,3.6242042,4.054204,4.124204,3.3542042,3.264204,3.3242042,2.954204,2.5942042,2.3542042,1.9542041,1.5642041,1.5042042,1.8042041,2.244204,2.514204,3.1042042
10.724204,11.074204,12.134204,13.064204,13.554204,13.574204,13.104204,12.154204,10.914204,9.774204,8.974204,8.514204,8.224204,7.884204,7.724204,7.614204,7.044204,7.224204,7.244204,6.904204,6.634204,6.134204,5.614204,5.144204,4.654204,4.7342043,3.754204,3.0742042,3.0942042,3.244204,3.474204,3.8442042,4.2542043,4.624204,4.884204,5.044204,5.224204,5.384204,5.5242043,5.564204,5.674204,5.604204,5.474204,5.324204,5.2742043,5.124204,4.794204,4.434204,4.574204,4.294204,3.8542042,3.524204,3.3142042,3.004204,2.6042042,1.7242041,2.1542041,2.984204,3.804204
9.504204,9.934204,11.0342045,12.464204,13.904204,14.504204,13.864204,12.474204,11.084204,9.864204,8.984204,8.404204,8.104204,7.864204,7.794204,7.494204,6.894204,6.834204,6.834204,6.764204,6.434204,6.334204,6.2342043,5.7742043,5.7542043,5.404204,5.284204,4.884204,4.1942043,4.104204,4.324204,4.554204,4.814204,5.094204,5.364204,5.644204,5.894204,6.104204,6.2142043,6.294204,6.4442043,6.584204,6.584204,6.474204,6.324204,6.304204,6.104204,5.804204,5.424204,5.414204,4.924204,4.764204,4.594204,4.544204,4.554204,4.744204,4.574204,4.384204,4.5242043
6.134204,6.954204,7.4842043,8.184204,8.764204,10.064204,11.224204,10.7842045,9.594204,9.104204,8.754204,8.564204,8.604204,8.254204,7.854204,7.5242043,7.0042043,6.554204,6.424204,6.654204,6.594204,6.494204,6.344204,6.654204,6.4642043,6.404204,6.574204,6.334204,5.764204,5.554204,5.5042043,5.684204,5.744204,5.664204,5.4842043,5.474204,5.634204,5.814204,5.924204,6.324204,6.824204,7.244204,7.5042043,7.7142043,7.854204,7.924204,7.804204,7.4842043,6.9442043,6.664204,6.044204,5.704204,5.594204,5.364204,5.424204,5.4642043,5.534204,5.674204,5.7142043
4.184204,4.044204,4.594204,4.874204,5.394204,5.534204,6.154204,7.894204,8.604204,7.804204,7.804204,7.9842043,8.024204,8.114204,7.9642043,7.594204,7.144204,6.654204,6.424204,6.534204,6.5242043,6.5242043,6.294204,6.354204,6.794204,6.904204,6.794204,6.7742043,6.824204,6.764204,6.744204,6.6942043,6.264204,5.794204,5.534204,5.394204,5.384204,5.604204,6.064204,6.614204,7.114204,7.624204,8.084204,8.564204,9.074204,9.424204,9.5342045,9.154204,8.324204,7.674204,7.114204,6.354204,6.184204,5.724204,5.7342043,5.7342043,5.844204,5.854204,6.014204
2.6542041,2.764204,2.4042041,2.3842041,2.214204,1.7042041,1.8242041,3.004204,5.034204,6.804204,6.7542043,6.634204,6.804204,6.9642043,6.894204,6.284204,5.994204,5.744204,5.6942043,5.634204,5.624204,5.674204,5.624204,5.614204,5.844204,6.1942043,6.284204,6.2342043,6.384204,6.514204,6.654204,6.324204,5.364204,4.904204,4.374204,4.334204,3.764204,4.094204,5.0042043,6.284204,7.124204,7.904204,8.574204,9.2442045,9.854204,10.354204,10.514204,10.264204,9.604204,8.084204,7.064204,6.284204,5.814204,5.9642043,6.014204,5.9842043,5.974204,6.044204,6.2342043
1.7742041,1.1942041,0.2442041,0.0842041,-0.8757959,-1.635796,-2.4257958,-2.6157959,-2.235796,-1.265796,1.4542041,3.1542041,3.0742042,3.0642042,2.5942042,2.8942041,2.9042041,2.8942041,3.3542042,3.704204,3.774204,3.8642042,3.974204,3.8542042,3.754204,4.164204,4.124204,4.034204,3.5742042,2.944204,2.1042042,0.9542041,-0.1957959,-0.9157959,-0.6157959,0.3042041,1.3042041,2.194204,2.924204,3.6342041,4.204204,4.894204,5.7142043,6.7342043,8.074204,9.504204,10.224204,10.214204,8.884204,7.294204,5.904204,5.174204,5.014204,5.244204,5.564204,5.9642043,6.174204,6.374204,6.5242043
1.354204,0.29420412,-0.5157959,-1.5657959,-2.295796,-3.475796,-4.945796,-6.415796,-7.795796,-8.845796,-9.315796,-9.025796,-8.675796,-7.695796,-6.425796,-5.095796,-3.5957959,-2.235796,-1.1057959,-0.6257959,-0.8157959,-0.4857959,-0.5357959,-0.8057959,-0.9157959,-1.4457959,-2.485796,-4.0157957,-5.005796,-5.575796,-5.685796,-5.195796,-3.965796,-2.6257958,-1.2857959,0.1142041,1.5642041,2.764204,3.5842042,4.124204,4.554204,4.824204,4.904204,4.804204,4.674204,4.994204,6.594204,6.904204,4.904204,3.6442041,3.464204,3.5642042,4.154204,4.834204,5.534204,5.804204,5.7142043,5.794204,5.874204
0.4942041,-0.5557959,-1.7457958,-2.8957958,-3.985796,-4.675796,-6.205796,-7.415796,-9.285796,-9.735796,-10.625796,-11.635796,-12.615796,-12.045795,-12.305796,-12.275796,-10.895796,-11.435796,-11.9657955,-11.805796,-11.705796,-11.855796,-11.855796,-11.625796,-10.9657955,-10.145796,-9.2157955,-8.325796,-7.0557957,-5.9757957,-4.615796,-3.1857958,-1.6257958,-0.1257959,1.1842041,2.3842041,3.3842041,4.084204,4.554204,4.804204,5.0042043,5.084204,4.954204,4.654204,4.354204,3.774204,2.194204,0.8642041,0.3642041,0.7042041,1.9642041,3.274204,4.494204,5.094204,5.404204,5.064204,5.584204,5.864204,5.9642043
-0.6957959,-1.4457959,-2.965796,-4.0157957,-5.025796,-6.435796,-7.925796,-8.675796,-9.975796,-10.855796,-11.635796,-12.075796,-11.705796,-11.855796,-11.7157955,-11.635796,-11.935796,-11.985796,-11.895796,-11.595796,-12.145796,-11.625796,-11.225796,-10.285796,-9.245796,-8.295795,-6.9957957,-5.7257957,-4.395796,-3.0857959,-1.7757959,-0.5057959,0.7742041,2.1342041,3.3542042,4.384204,5.154204,5.6942043,6.184204,6.364204,6.224204,6.0242043,5.474204,4.844204,4.5042043,3.544204,3.234204,3.184204,3.0842042,3.234204,3.754204,4.174204,4.374204,4.474204,4.974204,4.824204,4.514204,5.044204,5.2142043
-2.3657959,-3.255796,-4.5357957,-5.5357957,-7.165796,-8.435796,-8.855796,-9.535796,-9.885796,-10.445796,-10.4657955,-10.705796,-10.565796,-10.575796,-10.7557955,-10.655796,-10.725796,-10.785796,-10.705796,-10.575796,-10.285796,-9.825796,-9.115796,-8.185796,-7.2257957,-6.135796,-4.885796,-3.475796,-2.025796,-0.4257959,1.1642041,2.6542041,3.924204,5.0242043,5.894204,6.604204,7.164204,7.594204,7.844204,7.894204,7.634204,7.104204,6.324204,5.204204,3.944204,2.964204,2.804204,2.804204,2.954204,3.444204,4.034204,4.5042043,4.584204,4.2742043,3.6242042,3.1342041,3.3742042,3.954204,4.434204
-4.0157957,-4.675796,-5.635796,-6.8057957,-7.375796,-7.485796,-7.885796,-8.065796,-7.635796,-8.065796,-8.315796,-8.245796,-8.415796,-8.605796,-8.975796,-9.145796,-9.2557955,-9.115796,-8.875796,-8.495796,-7.895796,-7.105796,-6.395796,-5.525796,-4.885796,-4.385796,-3.9057958,-3.3557959,-2.725796,-1.9757959,-0.6857959,1.0242041,2.0642042,2.494204,2.944204,3.694204,4.724204,5.804204,5.844204,6.554204,6.834204,6.2142043,5.7742043,5.344204,4.134204,3.1542041,2.8142042,2.484204,2.544204,3.0742042,3.434204,3.244204,2.8242042,2.054204,1.0542041,1.6442041,2.424204,1.7942041,1.4542041
-4.195796,-5.345796,-6.175796,-6.025796,-5.905796,-6.215796,-6.005796,-5.7657957,-5.795796,-5.845796,-6.085796,-6.185796,-6.675796,-7.045796,-7.345796,-7.565796,-7.605796,-7.215796,-6.905796,-7.0157957,-7.275796,-7.0157957,-6.2257957,-5.205796,-4.2457957,-3.4057958,-2.5957959,-1.7057959,-0.8657959,-0.0057958984,0.5042041,0.5142041,0.9442041,2.1642041,3.6442041,4.9442043,5.644204,6.4642043,5.934204,4.514204,4.0042043,3.514204,3.5942042,2.424204,1.1442041,0.90420413,1.2642041,1.4642041,1.9042041,2.214204,1.8942041,0.6642041,-0.7957959,-2.065796,-3.245796,-3.075796,-2.3457959,-0.7257959,0.5942041
